223
632
419
582
716
829
395
241
415
123
759
54
848
783
428
48
794
33
575
462
472
965
455
285
628
818
880
809
246
24
867
781
552
879
254
664
581
815
301
665
844
766
322
333
385
227
50
19
88
496
344
520
598
467
906
555
186
501
91
834
940
273
754
692
523
751
146
706
630
136
747
807
505
962
119
830
964
714
316
406
389
271
644
883
728
841
266
378
698
487
921
560
972
564
587
190
949
919
689
470
446
64
746
936
719
994
556
534
701
897
553
866
738
860
609
274
762
386
544
732
539
34
477
658
927
823
821
711
422
46
81
249
837
334
297
596
491
894
264
403
840
231
579
966
583
99
492
193
710
725
939
648
115
84
354
168
482
845
461
935
473
913
158
517
328
528
817
245
562
903
541
308
319
36
547
859
90
918
503
639
20
924
811
214
341
585
337
133
614
6
41
508
538
195
853
483
916
995
135
790
370
360
726
330
72
434
878
311
674
854
531
457
771
986
281
513
218
65
851
548
734
990
668
17
128
930
938
444
32
320
101
447
675
923
968
211
796
717
952
679
263
917
985
1
699
459
184
915
500
94
381
402
26
358
159
57
755
682
212
255
572
646
657
888
141
680
820
154
383
812
795
49
752
715
361
642
559
374
908
740
631
9
314
424
804
268
495
667
89
603
368
206
833
410
290
863
959
611
925
760
683
997
850
286
52
569
565
317
635
332
594
279
113
239
784
526
712
372
499
420
425
112
731
310
356
456
87
452
166
253
443
707
690
401
448
793
416
934
481
521
468
38
490
14
902
963
179
633
18
326
574
85
666
532
250
641
856
377
592
171
375
522
748
945
561
288
39
909
318
100
129
198
597
825
877
827
580
705
107
601
578
104
602
951
822
413
849
872
92
22
363
412
493
895
121
893
684
615
226
59
776
216
992
693
778
237
435
110
305
557
169
270
399
655
259
471
407
397
798
325
324
910
896
767
235
673
275
662
409
876
476
145
228
215
857
51
200
247
953
608
139
221
117
704
388
111
306
515
302
730
618
723
988
659
296
105
1000
430
920
769
978
269
93
944
590
421
737
292
890
518
393
224
127
466
143
248
118
369
922
884
194
676
777
661
157
61
901
624
277
124
824
669
348
160
398
950
976
720
86
982
525
874
645
770
942
28
191
524
696
871
852
753
627
242
313
149
181
417
150
460
703
847
2
904
535
339
933
620
408
365
502
66
230
718
7
21
165
353
805
131
404
187
545
207
40
189
649
83
120
445
71
868
757
761
758
349
764
955
182
971
507
53
958
792
382
35
291
243
672
351
140
780
650
441
37
209
164
989
451
970
932
568
364
889
331
887
11
551
352
577
643
10
700
125
947
912
116
205
287
345
907
469
256
828
881
312
234
222
948
458
709
321
969
137
342
12
589
44
80
862
678
625
343
647
846
813
914
735
265
839
213
454
440
685
29
45
782
506
380
488
208
220
843
335
802
987
76
739
984
203
172
536
691
153
293
156
911
147
514
799
236
338
763
931
808
260
616
773
42
426
864
831
315
610
891
98
973
865
768
686
13
178
295
68
75
697
298
873
244
688
946
621
651
390
5
926
497
122
826
814
180
819
941
806
899
996
257
722
376
816
138
486
251
929
480
436
280
67
475
284
489
25
498
340
733
240
97
870
185
729
855
346
23
232
885
384
619
836
192
600
634
427
362
350
163
677
736
58
294
62
993
803
765
570
60
155
599
979
16
542
3
593
336
785
478
15
307
504
43
300
161
519
558
144
898
554
204
788
176
47
450
442
702
800
299
875
663
882
196
604
8
183
429
999
437
744
749
152
126
810
626
170
567
167
638
396
512
102
258
509
79
789
175
974
463
622
27
366
533
998
550
967
956
56
861
584
134
543
289
433
695
309
4
359
371
202
132
588
453
977
355
576
438
323
654
670
329
31
485
96
173
832
606
411
391
954
975
95
656
980
210
148
869
392
842
540
238
197
713
900
267
957
109
282
742
464
586
151
474
108
494
741
465
418
70
671
278
546
30
276
727
772
835
283
530
219
78
786
400
937
529
653
721
983
591
432
162
516
858
74
225
55
660
607
563
449
303
106
373
69
142
327
304
174
681
394
640
347
527
928
943
838
774
797
801
636
724
199
537
261
905
414
114
188
623
177
549
779
431
201
775
77
750
743
886
687
387
612
217
960
756
510
571
991
745
981
103
708
629
617
961
694
357
573
566
82
272
637
791
439
63
605
130
262
787
595
252
511
652
484
479
613
892
405
73
233
423
229
367
379
